Study      Run             vconst_corr                vconst_2                vconst_3                vconst_4                 vconst_5                vconst_7                 ah_corr               ah_bolus                slm_corr       efficiency_factor           tidal_mix_max      vertical_decay_scale            convect_corr            bckgrnd_vdc1          bckgrnd_vdc_ban          bckgrnd_vdc_eq        bckgrnd_vdc_psim                 Prandtl   outcome
    1        1      0.8590362064372231      0.9278245357602525      0.2528656223672442       0.298838311199668       0.1705212998954166       0.735936040913738      0.4283254278810799     0.5679469417703027      0.4743695999935477      0.2456748547110086      0.1042258652974851        0.8690907029810155      0.9975184956319734      0.4486200774528293       0.3075217871189428      0.8583103652138057      0.7969972396308247      0.8698930381357464         0
    1        2      0.6060410252371287      0.4577283627625244      0.3594484227670667      0.3069573767716065       0.8433307671777179      0.9348506611513181      0.4445724883608314     0.8280149253395697       0.296617752717187      0.6168699015410514      0.9757855814040846        0.9143436669954098      0.8452471419276359      0.8641518680676301       0.3467126889826937      0.3565734170881721      0.4384471887114665      0.5122561439056882         1
    1        3      0.9975997770308621      0.3732384871005909      0.5173993555298593      0.5049925456690189       0.6189033359884182      0.6055708232180527      0.7462253300408419     0.1959282919790389      0.8156669351065324      0.6793550279741694      0.8034130759821791        0.6439951609962413      0.7184411332114703       0.924775074027841       0.3153714063448004       0.250642370688729      0.2856355271897175      0.3658579636572136         1
    1        4      0.7834078593063168      0.1040553139561477      0.1975326951075759      0.4218371592474998       0.7420556675966105      0.4908278824153564    0.005525436956021521     0.3921232672136588     0.01001489496427692      0.4714626999390829      0.5978789030832963        0.7616587520758105      0.3627505607476147      0.9128190944424003       0.9779711752522013      0.8459212272518521      0.6994309323594078       0.475986734584957         1
    1        5      0.4062495307854584      0.5131992969299771     0.06181157701002021      0.6358367185561089       0.8447975169867277       0.441502226525659      0.1919264511554502     0.4875461161201303      0.3585335812259776      0.5515432350816102      0.7438765191563612        0.3123494343301799      0.6502228327173118      0.5222610158289576      0.04354476482710905      0.3766601113511974      0.2800977588864044      0.1322828760745728         1
    1        6     0.04137946970553862      0.6290259378832869      0.3033801053391976      0.8134075716681157       0.2228171225055121      0.9712060327589925      0.6097782897944045     0.6478038592160577      0.7379138729560913      0.4409432071131758     0.03598236603946942        0.6158676668988645     0.01748718426743936      0.9323195147599714       0.3293180378567842      0.9541227757917822      0.1353789149964642      0.2948047955455776         1
    1        7      0.1610500675703709       0.548838498016509      0.1535834560946872      0.6544153967846392       0.1403462127536639      0.7966458873060118      0.4058396236440684     0.6626356250127881     0.04942668516499301      0.5785194938329773      0.2648546829004772        0.9592173730462997      0.6981068318179394      0.4673589494441532       0.6370776960057103     0.01125133065377466      0.1473251569498744      0.2138142472223586         1
    1        8      0.4152989863935445      0.8987313634302053       0.931821763206325      0.9166479389325508       0.3991056376589566    0.009445114781717874      0.8462574603333551     0.6837725402619172      0.3973064568799197       0.886768087244127      0.5224278472764935        0.6947735654823999      0.8865223179739486      0.4116728830785077       0.4811080538564259      0.9265463702341853     0.02643087041538416     0.09273955239138255         1
    1        9      0.1667578778022693      0.3529718557178664      0.9881206108774576      0.2870703172960525       0.5636256000505657      0.4027078751797995       0.380931733126959     0.4791912380580066     0.06016529398038984      0.2365244451366986      0.2904837083330171        0.3918330724441653      0.2549443022593753      0.4883995859055884      0.05368356508487422      0.8622256041012912      0.4150551393809211      0.4871258994616154         1
    1       10      0.6556260785320773      0.4139307171921246       0.805288477992225      0.1634858637608381       0.8619016950781871      0.9475945318001323      0.5465636756814396     0.4261410062472957      0.4170803090984312      0.9456095739267767         0.3253875090068        0.6665268083633338      0.3742700553525032      0.1002913507425951       0.2132902799756266      0.2228596709539286    0.007286212501478278      0.4200273619990589         1
    1       11      0.5900079766417751      0.2936924123515686      0.4234978443942964      0.3298034631246183       0.4578376998568678      0.8297822964209547      0.4977667353853273     0.1594403342292127      0.9711218647438929      0.4923425384072794     0.08426897241087217        0.9743339475205478      0.9264239087209313      0.2954259188030847       0.8042124523444929      0.8708400092540413      0.5462950225350344      0.8848710788258662         1
    1       12      0.8819290793824216      0.4249161571807539      0.9032223669579252      0.1733059139094419         0.79100537164292      0.4761835240681346      0.6811758406900077     0.9058438524966025       0.828415465574815     0.08371732902273329      0.5205666508396261       0.07291534579255515      0.9480946850510211      0.9996158905262645       0.7284591146705983      0.2858883555836251      0.2108896425795845      0.8335898681530832         1
    1       13      0.9610102615228647      0.9769068064193965         0.8579287729834      0.6149712274976386       0.6155159288254153      0.3527692043429448      0.8339600060458502    0.09509174928146724      0.2308925419981177      0.9548332776512124      0.5771817487729197        0.7835114301751471      0.5304246445393397      0.1751697639960589       0.5444582641810283        0.08139244056462      0.7330148834657546      0.5313688547441011         0
    1       14      0.1725295253680088     0.01355637412958054      0.6234465078644765      0.5191358593020899       0.2544563627129214      0.3669473464549002     0.05569564438062824     0.5185014502805038       0.371256628975324      0.8537835646744093      0.3470398548421346        0.9473467321846532      0.5972810318745259      0.4288064848890322       0.4013699816578689      0.8204455701103951      0.5995842862887204      0.1356806756643992         1
    1       15      0.3965135587030091      0.2012412503025391      0.9681076397278553       0.836439981944083       0.6099766375923841      0.2446819819160737      0.7882705140250942      0.356016874864387      0.1250539998769657      0.5101025887829665      0.4039659679621562        0.8656119113425829      0.4995159909374909      0.5896484861215059      0.01499791595593302       0.893354827800714      0.5621224685054687     0.02844873743985469         1
    1       16     0.05162036324230333      0.3109125513402332      0.9092925575367796      0.7191174679254699        0.433167081923845      0.9971417491621752      0.2313817085918143     0.7715889360432306      0.5930693719975857       0.109138528102388      0.2151174598489888       0.05181928754835907      0.2935260403422743      0.7518454991811369       0.9224807585253277       0.606573033767442      0.3182088333984009      0.7188535135911984         1
    1       17      0.8143564358909822      0.6967738663001607      0.7028825529656995      0.9756356765761868         0.98348481453593     0.03113672242034227      0.9388891434167616       0.74484604513402      0.7522535485758757      0.4125240501494975      0.5866564049838214        0.9416526862989283       0.247466384292218       0.550210881638082       0.2298907612372811      0.6914782393620246      0.9993059367471788      0.6470631866508888         1
    1       18      0.5956241213173296      0.7915312543433781      0.7941229378442385      0.4306672843587068       0.9167781346361153      0.8977854177329897      0.7297787675828052     0.5602039060154412      0.6589529683140831      0.8352519121266798      0.6447588656356351        0.4442190648522228       0.820039098083766      0.8780554601987306       0.2384532532124366      0.4135384403117415      0.3787264120066539      0.9730494728868103         1
    1       19      0.4532874681184896       0.227814193661066      0.8689639318812018      0.8395467701212813       0.1333494249834783      0.9513395729060803      0.1790809543609309    0.02315243019903493      0.1448468379417641      0.6742691755747526     0.08327259583812621        0.4372392175344026      0.2313822548474289      0.4245534347150371       0.5786210627346817      0.1402842371181275      0.5389089785749093      0.6203919735504314         1
    1       20      0.3586774928417678      0.5397639753465127      0.4082044733636495      0.3913417655560705       0.6609844274534327       0.730276729066908      0.4155567776916239     0.6779696920175209     0.09224283372879856      0.4576951002753857      0.9710495209127354        0.1166685049745461        0.89342431396039      0.8952803579068536        0.412109540481793     0.06748964066565451      0.2549493505865232      0.1467011984385964         1
    1       21      0.7951983424265766      0.1297865445712685      0.8818246116421909      0.5312663013400096       0.5469967021425772      0.6265959397643908      0.6897732441611071     0.9416511330326709       0.466418687972085     0.09831326167849409      0.4351432157615717        0.7303658870786118      0.8682679369761092      0.8528196679260064       0.5259774876978353      0.7854206047654669      0.6306026816497453      0.7409229077631608         1
    1       22      0.5006828589300211      0.3604467024056551      0.9391097979814125      0.1499945639981888       0.5790399178603871      0.2974902469173281      0.9056083239395067     0.7652321836755922     0.02687872876283816      0.6087480291232674      0.3162488893592834        0.8426026382004946      0.3844317662891829      0.6009998129939453       0.9414882096772392      0.9816748876189296      0.2250527151912037      0.6926438495154597         1
    1       23     0.02945369564436583      0.6757246235838263     0.02493006193674066      0.1138323004719698       0.8336855528591615      0.2681910418465527      0.9364071551813847      0.577268761329146      0.7283629919272951      0.8464936220526902      0.4198484700703476        0.2862277541826996       0.782013775431551       0.455999154664783        0.450856708515332      0.9092242392763081      0.8270979953334771      0.1259614256081275         1
    1       24      0.2948637222612484      0.8178695718072251      0.5484802546872137       0.983250152040273       0.4751693398976285      0.6722545882751648      0.1980546878120448     0.2702498082588944      0.4539846989701295      0.7254511264411525      0.6533506935772797       0.09909247723796094      0.3690557317640115      0.2520570321396614       0.4260829463251866      0.3817077761218469      0.7758205912515729       0.561837770374647         1
    1       25      0.4839207167827731       0.272825272672344      0.2880135145103042      0.4240753186103474       0.8258667873748993       0.686728397587366      0.3170011379355047     0.1071755285620586        0.76105377571916      0.7209729628236446      0.9848388743315203         0.345239468155584      0.1450467345524683      0.9616943035197134      0.02156099583436218      0.1277151480291246      0.9781764450457154      0.8775243971859001         1
    1       26      0.7739966272247127      0.0299948844489538      0.5009447282516502      0.1814400989730429        0.501907078621702     0.01716476793582034      0.6838373190115413     0.2394357514114947       0.694846243250908      0.7626682346751397      0.1186196594447311        0.6940981520857248      0.4893226371884036      0.3541289696301748       0.5278059054955115      0.7777134097892688      0.3091171186895938      0.2627281871818317         1
    1       27      0.4202773962350976      0.3718718620832078      0.7422117704952447     0.06304515071032156       0.1891598793251129       0.846139099689511      0.8742334448318515     0.1438190310029313      0.1562955231185899      0.3538353600759163      0.3931206922538372        0.6338434558439379      0.7883711917299984      0.8562844863290796       0.6020186010179006      0.1686308213237984      0.5345217399661326      0.9875127185808702         1
    1       28      0.5313510447481854      0.1487871949069409      0.3450900023828985     0.08515667660782736       0.7370069815440932      0.3453124689171091       0.172234035069899     0.6906704959912329     0.09740102635437829      0.1834043533308432      0.3715737139521581        0.4807006155425269      0.5069942437759083      0.8239682743429311       0.1467078421989249      0.5955297366703033      0.3715913876710046      0.1998455435270444         1
    1       29      0.3050380560310764      0.2406702391479889      0.8307389870518819     0.02199078798294067        0.998549573837469      0.2944183734129183       0.716169724535818     0.4155495755594328      0.9214149832285734      0.1394679710941596     0.06925581903843624        0.9814476887579077      0.2058756603251418      0.1942184632320681       0.5011334203507027       0.181757552212932      0.6910838689021249      0.6157911777936129         1
    1       30      0.2501013950418888      0.7347718454160107      0.9376927608145504      0.8929695532372636       0.2355619149903456      0.9824204849544913      0.5329028287242787     0.3984518675715663      0.1956297740456648      0.8982784586803367      0.7360311695917821        0.8890631711304499      0.9784840930227398      0.8286471653600327       0.4426064770164279      0.4520430455579319      0.7698833579676123      0.4358657300924986         1
    1       31      0.3840822580309274       0.883148775564041     0.02928032844793052      0.3594668579934579         0.35738168416105      0.5262682603633342     0.03627799266121454     0.5907546286419448      0.1375056276809321     0.04815091754361574       0.662520832722334        0.3380015423883581      0.3058936504336695     0.02676161048907994       0.0309023542678915      0.3390452750958503      0.5764790665785162      0.7595670555964008         1
    1       32      0.7152085374937289      0.3291583439826758      0.5760845150539859     0.02230107645478306       0.3843422671909341      0.8226938025857736      0.7169301354416853     0.3251973247672949      0.8546836741074609       0.398638789584705      0.8356728059136206        0.4679844271430436    0.004825306184486382      0.6822743864186729        0.114236209823543      0.5660279053832508      0.5592041891391596      0.8027711172859806         1
    1       33      0.6785962219725157        0.11573812718141      0.5291370653430931      0.1883754719113414       0.4182221199683328      0.3333276383630517      0.1383300190894968     0.1202003792820809      0.5325800076592714      0.9673502283908116      0.1587513839916533        0.4747535024058178      0.1429479521324134      0.1642710695922789       0.8090679135613351      0.7688097018050031      0.9360326196041165      0.4023352949246247         1
    1       34      0.7426890862614124      0.4206454368890263      0.4319749046699145      0.6862905997795881      0.04307761068921536     0.04182448338898313      0.9868279161086927     0.8684100768503009      0.4141012771223258      0.5306536546882449      0.4226704472042103        0.1823825413904463      0.8974200623303963      0.7297266903035861       0.1582030939442726       0.875170029390655      0.6189531541028475      0.2183682873974451         1
    1       35     0.01469819538114179      0.9445659882893477      0.2457552753673453      0.6806005163493359       0.9670004331804295      0.4497892094323309      0.5930778484843258     0.2724894387285329      0.6764839666494583      0.7564576153940935      0.6198692595883687        0.9092503908219643      0.7021055747379756      0.7636034932763627       0.3769424534157022      0.4771584632741805      0.3525732906781034      0.3281019768393081         1
    1       36      0.1984839451680374      0.4360489519015472      0.6682612727447931       0.995954859278734       0.1090885872215343     0.03491636696012897      0.2644791329253672     0.9925288378545601       0.700669385018086      0.4106960956227138   0.0004189968083260788        0.3095547214331519      0.7316303523490206      0.6995165758054807       0.1433232912884301      0.2497200259369695      0.1291106793770774      0.8233902637122407         1
    1       37      0.4928370520912318      0.2368964541328347          0.636875173174      0.5417997117270715      0.06886406963587635      0.8603470240435046      0.4573403722464314      0.059165141141663      0.3824439940805961      0.3490058777892652      0.3334927465456228        0.2980105001479387      0.7635928020010599     0.06454114282451985    0.0007319602921294669      0.7451854255904133      0.6711011480953959    0.005698799574747682         1
    1       38      0.9423607049070092      0.7587183310404523      0.4758414984318531      0.8330725923542762      0.09324978014273155      0.1610207701774521      0.8285984252553641     0.2150007542403829       0.392581684987009      0.6502059466710004      0.8180599521315243       0.01679082664712849      0.3939265445806086      0.6228427590556547      0.06822933138917303      0.5922527714438426      0.5555322905407392       0.102812311939326         1
    1       39      0.4035729121171042      0.6241810034701808       0.352266838401556      0.6919712401861843       0.2147736262361933      0.8145837835424269      0.4378879726010685     0.2202445339592588      0.5748273399438606      0.2568500975405591      0.5455546040644146        0.3600058995277828     0.05252102573221136      0.9207055244051542       0.6768701036201997      0.8288087908851191      0.2993362094443809      0.1217196257940183         1
    1       40      0.1228773399075079      0.6044383727376246      0.4919985660843345       0.117148365602932       0.4038138477041179      0.5914582002804512      0.6573431179703524     0.1823104300070554      0.6548778573206315       0.558981592354313      0.6006181842466403       0.03492998137889016        0.74594843781993     0.05522785852275168       0.9511025044588476      0.7423710893425677      0.3865190773633205      0.7845258256523974         1
    1       41      0.8093361762572183      0.2522511450353906       0.554051210413066     0.05649884854598592       0.5692489697196934     0.05386375232547936      0.4760656053045144    0.04414290541187964      0.1545935874313323      0.2186275114900329      0.3569897067629629        0.3829028885164815      0.2157169612603159      0.7177047312233804       0.3246396402776656      0.7132451675043234      0.4610345061726144      0.5221242292590129         1
    1       42      0.9317798571130779      0.5344873879699864     0.07235019188632982      0.5080439436301175       0.7973506361517746      0.8549417213459188      0.5343992841494684     0.4994212222996996      0.8658163036103361      0.5147905922999296      0.5007260718512245        0.4104103699455866      0.5490862722236974      0.1179085800760529       0.9013087918697339       0.274064094086902      0.6443232619759834     0.03878930215465112         1
    1       43      0.3199914045321445      0.5001857655886043      0.5425415128870453      0.5789322896123243       0.9391266861516568      0.1875637118846903       0.643975152543539     0.1017678153791672      0.6103258306574491      0.3809095139434147      0.8781049880832951        0.6816695571372596      0.9292393273583407      0.9882416640990415        0.136341162386816      0.1280859206285742      0.6480928208536676      0.3845321178449215         1
    1       44      0.6755766803877326      0.9048707442681513      0.9654667252079687      0.7639044383877062        0.633558895804971      0.7593050946649681      0.2168295128982411     0.2553406137753175      0.6652028517267252      0.3683648587450282      0.7479017401838468        0.9349437685851525       0.956876100813194      0.4202954162429605       0.9869974747985706      0.9556774225344675      0.4851084157656361      0.2064740486637069         0
    1       45      0.1328955969708558       0.961589490057021      0.5147825088610667      0.8195313420004419       0.2886443422421709      0.5289312658805607      0.7966837713624247     0.8439419616932153      0.0371394827353975      0.4641967756958265      0.7762845226097852        0.7752318300267992      0.1242018221140218       0.740231589834568       0.8839473141654809      0.2030201776017849     0.03227773893029533      0.6887341603623807         1
    1       46      0.3661138479960048      0.1621446078410372      0.5592301809319502      0.8880082649838491        0.334936440210893     0.08991575867273949      0.4662949913504741     0.6527526688697334      0.5412121144938282      0.4756137988064438      0.3735460162136911        0.7096230177260522      0.6130646492574467      0.8846604330309978       0.8756521564235704      0.5493563059549262      0.1664648927450698      0.5377650788817038         1
    1       47      0.1157952475671967      0.7612141678355532      0.3441030646273349      0.7770358222627288       0.1584583002116738      0.6646986556148881      0.5761387038355074    0.04468654640820913      0.7741813119151629      0.4976162925892924      0.3945746786219793       0.06784453534184852      0.0577840168417121      0.1530441408304291       0.6138497746187366      0.2716584458119339     0.05997037064516917      0.5952624071557592         1
    1       48      0.8621344401268289      0.3908906884543184      0.5992603949801479       0.854088526744292       0.7714604579287375     0.06071776522763281      0.3056020843731757      0.719193431807475      0.4901892067204851      0.6047124083425539      0.5309329086242037       0.05981838116163595      0.6064689018414356      0.2090658021832092       0.9612799046457642      0.7918483399423875      0.1904880634586637      0.8435833885748354         1
    1       49       0.728289292994628      0.7832552102277986       0.959955337496164     0.05497752711073392       0.4223018928612065      0.1895588729517638      0.7685128439114326     0.8980060162164996      0.9401327714530958      0.6962448004465033     0.01425430043083098        0.8487225995230903      0.2691966836780517      0.3173348703447522       0.3653863515174534      0.7324668472037755      0.4458719431383846    0.003183953567511506         0
    1       50      0.8921359993077608        0.83426494844025      0.7324011378313623      0.3750621612778761       0.7202751084489541      0.9392967787752342       0.224490946619254     0.8604460950100071      0.8667635688907467      0.8306759325179479      0.9897707187014425        0.5752316386348362      0.4419438340998669      0.3257600512433176     0.009096808048586051      0.9474934683129607      0.8450730615023834      0.6392935721837503         1
    1       51      0.3472020388024652     0.02307361269938863      0.6656258988401128      0.9670620643352675       0.3781278304031326      0.3363710631849244      0.8215569613255663     0.9116181330380236      0.7889437453666082      0.8272067181429723      0.4924240101452193        0.5669990181108006      0.6344612583194652     0.06940748673191087        0.514058497398057      0.3193002181244083       0.430015179163052      0.3048427046677615         1
    1       52      0.4665587124815728      0.9256304061764645      0.6045241271456082      0.3040595283783558       0.5859365568793793      0.5416600864897999       0.894943881699712     0.9730582151898286      0.2495899768468613      0.7768056351212889      0.4874793793152397           0.3666938301939     0.09433208405712827      0.4416791445097058        0.356113334509751      0.6949710983084515      0.8897750699103604       0.180346114109529         1
    1       53      0.6023109236641579       0.822251677462676      0.9145489624688505       0.264409831011047      0.02709355283295736      0.6911208340160859      0.9718181192784363     0.6722512962451827      0.7240626274038934      0.7386983786774283      0.5148349456683112         0.244433985841978     0.03865489194738782      0.2580816776853883       0.8175469224884485      0.6671776198432782     0.07418516296764009      0.4670842220476414         1
    1       54      0.6345759711706908      0.5816435887219592     0.05360150767567878      0.2939272832215971       0.2993818322623459      0.5342134469046464      0.1564280961782465     0.6383715065817038      0.5573355654370972       0.535018167058782       0.270266609311673         0.754844023170881      0.9335178600106803      0.7099164653685875       0.5891093965412842      0.8023578459021843      0.4239208736676826      0.2567436385382381         1
    1       55      0.6848607024074429      0.4680956636374403      0.7095340278452367      0.9643692704008168       0.6737978600987441      0.1310016792293431      0.7088036284820798     0.6190740407056486      0.5242854727445068      0.2258109222916472     0.01686971110369389        0.2374309277950993      0.6836109708464291      0.3157218249424154        0.250014568594957     0.04662275234651234      0.7447353212214592      0.7631532348019796         1
    1       56      0.8963767880586804      0.1955399422104367      0.4614621574990452      0.7090335148516008       0.8802155465275669      0.3231557894795616      0.2998184146864029     0.9476493395114732      0.9857665913632243      0.1658240024323782      0.6773656610321875        0.1999107092606007     0.07744944775218351      0.1242032390294804       0.7561404804776732      0.2205926988286794      0.3278882008252872      0.5563213657173846         1
    1       57      0.1371941267655024      0.4515363605110906      0.6290575176852549      0.2398153140377771       0.9901600400024715      0.3567581496537767      0.3132266118734454     0.5947767893744943      0.2157198602566495      0.6863765298712274      0.6899500912857346        0.7196567975941839      0.1731511773373414      0.3648549568981657       0.4284545331857064      0.9169778170012353       0.750696192174736       0.157700002219321         1
    1       58      0.9646528818942089      0.8673152965234799      0.4369528553966019     0.07002923234443491       0.1448747818513463      0.1992790071319582      0.7011769952963934     0.3664105076058251      0.9646502901360186      0.1279392880348799      0.6870262421434745        0.9714891941506519     0.02595668429534675      0.3441355724262798       0.0997463104974789       0.207239846958934   0.0004651060483107965       0.949122277639496         0
    1       59      0.4404917989404769      0.2866896671307687      0.7506737661535023      0.8818996961914106       0.9247100010630676       0.777144538170089      0.9778489401111277     0.3044832784579032      0.2062193435577986      0.7122828081263126    0.007772185549967819        0.2013773081617223     0.08684895613049676      0.4890292526985933       0.9322318591035178       0.725313076952524      0.8552018696907907      0.0717842086761569         1
    1       60      0.2244718027107107      0.9988148155195329      0.6609501142869704      0.7957937897907363       0.2016602145119881      0.6458613858985094      0.5586373941985787     0.4736199407967636     0.01706511347890935     0.06000204104154061      0.1676840057337864        0.5535793711457195      0.2658573797774605      0.1835130613607665       0.2775971926671142      0.6543094403433821       0.529665911261044      0.2943424386735489         1
    1       61      0.2589059110394576      0.7181179599163847      0.2379758382203161      0.2568368558487338       0.2904914698485906      0.2790409800001524      0.3862123757471434    0.06513209177129385        0.88402883280198      0.4307302437826164      0.7234152775542396         0.522959928563796      0.6920421891858698      0.5785699643582727       0.7508513515621114      0.8091932960656575      0.9300439321733495     0.05470720083944293         1
    1       62      0.5222107101800956      0.5609676889480195     0.04832254685461521      0.8091889231931418       0.9309703323964237      0.7867568971084741     0.06893958957839964     0.7300297716723031      0.7820701967200472      0.2024494690212628      0.2791060139438034        0.3724091919876324      0.4126486936765206      0.6472675968077966       0.6791323715368183      0.8999885765641618      0.8039167251774214     0.02517078741220757         1
    1       63      0.6164693868977743      0.7415955742976318      0.7816557313431985     0.03342015291822868       0.2397465863446188      0.1497453983627363      0.4052328861383204     0.9377970188105893     0.06307093240450033     0.03408242693403736       0.633758383442182        0.3193700639776782      0.9929117090340394      0.4087461577961221        0.385853572947801      0.5544302419125516      0.4555470654184723      0.2504764986871224         0
    1       64      0.1088492558661124      0.8054217970451444      0.3880951043218375       0.251939027544318       0.3928070374661022     0.08855854035484502      0.3398812455099283    0.01761915591519533      0.6004532956841608      0.5399780068184352     0.07622176377723615        0.3507064445448729      0.9017581335501745      0.1358155721229398       0.2568376913977166      0.4302748746743116       0.886182918966127      0.9433075075852685         1
    1       65      0.4670262793971536      0.4476492627252204      0.5655710230995383      0.3615935167155436       0.6520160883121814       0.801629691107923       0.750646936130296     0.9551249217009172      0.5342332489943753      0.8755527828522544      0.4442254584735363        0.1288679048613025      0.9076143969600606      0.3587591852772878       0.8954760706013379      0.7555247745761234      0.7642451619936361      0.7786318741001499         1
    1       66      0.6630389858101908      0.2666486610231611      0.1050458122174152      0.9221500283430538       0.2326579813780781      0.1201865515400035     0.02220843624349476     0.3672093600720271      0.9369070741800695      0.5950621450229341      0.5932291940915295        0.4183467316195472      0.3313393241609447      0.4816101340421786       0.1946372011094354      0.7629999902914278      0.2199250115624939      0.2334152875235304         1
    1       67      0.1661427347519849      0.2802683039801195      0.0688179513374861      0.7343317991859901       0.5341255986209338     0.01386821354454797      0.1456052924066575     0.5786645372230043      0.8952567579599822      0.8654055622535655      0.5505635548589959        0.5053799579010552      0.7519076535387689      0.3346147056099856       0.7675934382442696      0.1080966957650768      0.6024843803024851      0.9030972503060992         1
    1       68      0.5427968952235662      0.2170610376853599       0.270332530056799      0.6100461304705177       0.3219212427670654      0.5717628144853127      0.2121280532187989     0.1472028750150154      0.9495180034453774     0.02003624289322438      0.3652110255375091        0.2134563178794148      0.3260997422569846      0.3828509652922447       0.1253163750296355      0.9972646656459094      0.7267880576352278      0.8146273989954756         1
    1       69       0.310352089008989      0.5513526075222116      0.3302331047999258      0.6999990012716605       0.4512012883943195    0.001214792465584146      0.5153017086584846     0.2472037713599599     0.08628266700284763      0.2945011854443389      0.9817311005524567        0.8555537175826935      0.2218545981450006      0.5734231915725914       0.2177690482659576      0.5024103835173365      0.3367156677556017      0.5502970994786464         1
    1       70      0.5542289361409429      0.6403165996695559      0.1791992550444168      0.9438155466056842       0.9654350051565821      0.9079784386946509      0.2883467354152041     0.1372209085772435      0.9311990040587261       0.450723416372461      0.9312483297001261        0.2686735004988602      0.7164559769806349      0.7691752132248237       0.7762138085090555      0.9693633506281508      0.5915929164064841      0.8523211039473406         1
    1       71     0.06047139974285125     0.03347311408724636      0.2745717190270726      0.3360154631741656      0.05939804775795589       0.875912177340231      0.6998084998715461      0.404412807433659      0.8602472340300059      0.1565617600869801      0.8887663213199833        0.2104676482254743      0.5752199379520284      0.6523411255446263        0.210176416597743      0.5765515630560307      0.6528192987044652      0.1913102773548518         1
    1       72       0.837178395945941      0.3492089301696978       0.139125013214329      0.9106524746476983       0.7238734413895549      0.4361981361819846      0.4443136526375181     0.8922696569003166      0.2758546288862515      0.5729870936936803      0.5695744571599385        0.5932699115455358      0.6807073842734099      0.5204216460464522      0.07306712357741264      0.1206355472496297       0.516307975908017      0.6600151319923396         1
    1       73      0.2714180707233027      0.6531086767622684      0.9927996928156871      0.7798366853695673        0.462740724769214      0.2256615278388684      0.5708286468870938     0.5234503337686571      0.2231285845472788      0.1519258239267704       0.459888825011957        0.1895876620275279       0.673339447085487      0.1095511969230655       0.5347343748396572      0.7101321581220772      0.8314597939684367      0.8981939430245095         1
    1       74     0.02392118144909748      0.7885004460126058      0.3927449688211911      0.8621120787768936       0.8153758760515808      0.6310749787656176      0.4700863089580606     0.5285640542679984      0.9795345583051029      0.6494641840289761       0.384347490935276        0.1756527658202685      0.3442393312618757      0.7013590334617119       0.3019363255550464      0.9392676529603907      0.3164151098204052      0.7017660633867814         1
    1       75      0.2738130750445029      0.6082931753493742      0.1682833376793295      0.6763517192448489      0.01371552628051076      0.8191800383268856      0.5414935209684901     0.4934683284735204      0.1804079491308787      0.6121116268461467      0.4655312759284344        0.9022603180867413      0.6315844542799621      0.0990889135088461       0.5426841862551454      0.1636125627167833      0.8163581455811961      0.7119088569345574         1
    1       76      0.4984385574650433      0.5182901911967849     0.01584429080830887      0.0393335459753871       0.8033730241392429      0.7417960085104116      0.9049285240031572    0.03807622135306398      0.2709159235547607      0.6616550430771895      0.1419623849124441        0.8044055741978809      0.4782407975509866      0.9799432573503712        0.727646319334033      0.3476588371015775      0.9888525328288477       0.447937339240323         1
    1       77      0.2883446732160842      0.9435316314571537      0.7975736496517332      0.8038574897296106       0.6327012412444067      0.2205548490332957      0.4260664207964308     0.5635848455881286      0.7973554068555435      0.1036949079716578      0.8537517951167602        0.9841026011531034     0.06671331494322254      0.3964096352988337       0.6927159082247979      0.1883506745436332      0.9056097410813284      0.3500737877756668         1
    1       78      0.9067363505937263      0.8456112965592183     0.03388958813803684      0.3829484335004559       0.6456349287647755      0.9327914134353503     0.04009542248806813     0.5496315000009621      0.2177787850002965      0.9230081112874259      0.3533178526442498        0.8285811663644078      0.8652057941821921     0.08408319306327031       0.3674326341961408      0.5371264153703427     0.08757576452464694       0.272303462225116         0
    1       79      0.7907570659984939     0.09643850993339179      0.3761660320800729      0.3234351745806635       0.2716446053741189      0.9157584612037882     0.09657715972797531     0.6722090783839425       0.911200080489895      0.3217881984323159      0.2367708336975839        0.4030097954492602      0.6197758666770016      0.5020645078633809       0.9984825516016119      0.1608388513546541       0.264850494503561      0.4786641842918471         1
    1       80      0.6442591725745136      0.9690217203344218      0.8156324476766814      0.5612096510504165       0.7781057633847619       0.454346596610008       0.918361022128051     0.8099181747930642      0.2547016369618683      0.4193131534279221      0.7809021508631607       0.01530465075047687      0.4322294405661524      0.7725088098047612       0.5220239636436519     0.07720651707948289      0.1728646782446756      0.8473593436737752         1
    1       81      0.2441184407992599      0.1772086198415814      0.2918096547816984      0.3975735898116707       0.4936667768866755      0.3138442929058025      0.8535881128420846     0.5049780970439315      0.7690693324030792      0.8697961047511652       0.955374787015737        0.8143879337430311      0.3345158905618721      0.5056037278108609       0.3808750286866497      0.7009907745174133      0.3427926808854358      0.7090218849195582         1
    1       82      0.8051801159033656     0.06996540291519422      0.3140340621117502      0.1372496327152476      0.02991288161655474      0.3777602844328309       0.887131866940763     0.1647774071574936      0.4324796462392745     0.06900841533853155      0.8914426185953845        0.4315700139850379      0.0786513112200838      0.7333488659467549       0.4930080529095399       0.566695920288718     0.04705115122099718      0.3201879938456437         1
    1       83       0.671586865596732      0.7302045525982976      0.9498885288149016      0.2741129639092833       0.8213635727970137      0.9904504732785022     0.04588867937240543     0.1151009094590942      0.1683432772716818    0.009519898897916493      0.8238032215352481        0.5328302034073406      0.6034781022450059     0.07642509682207473       0.2408446441520937       0.438137699802044      0.8661150934717929      0.1090188212886763         1
    1       84      0.5794017784116376      0.5101605628785263      0.2218748013346663      0.5554859384726216       0.6890320578564165     0.07646016590685274      0.2490881338430983     0.2651306952918983      0.8934724465555822      0.5445386647220909      0.5107092085604866        0.1275229174074614      0.6665176699442479      0.9438911360688508       0.6068178262341665      0.9891294641976452      0.1881989806502437      0.9072117545603153         1
    1       85      0.9773051679160238      0.5972177399348261      0.3090784820132992      0.9835144243720506       0.2794997818185948      0.9003348322132499      0.7601576566993673     0.2049498797394335      0.5643390680391652      0.7554810121655464      0.8623973530225664        0.7031690789089124      0.5545443350229309        0.32793200349875       0.8292219729524934     0.05498840257189133      0.9777086737772657      0.5047563558897107         0
    1       86      0.4730988714818119      0.9791956145316363      0.2563435013988056      0.0119558514160518       0.5531948514994131      0.5547622300904348      0.5831264475218227     0.9225510486104113      0.4682775983677453      0.7685336177056242      0.9134890214604739        0.1837611396137315      0.8393400672887866      0.2858044673274788       0.9070197269643864      0.4617652572600895      0.6351964888447481     0.02107425353282856         0
    1       87      0.5080784285518651      0.5689522842811938     0.01098828599270847      0.3516618256780526        0.895744628384192      0.6824881916218954      0.9984589496692126     0.4383826702910786      0.3004045794472202      0.3380914797282054      0.1798094254517411        0.2290322710514172      0.1887104397807788      0.8441929459804669       0.3907627670560032      0.2831389478149099      0.5000864993806722      0.3070065807486471         1
    1       88       0.482891238698115      0.9179508467062584      0.5700381516000359       0.466117170053379       0.1127348698054751      0.9264289114352626      0.2573351143160835     0.1252653192599407      0.4268027984032718      0.9954094161046669     0.02807238726462755        0.3006121192787153     0.01134624833939597      0.6066094968519692       0.6966400274567098      0.4448919249323404      0.5212618000676028      0.7321272376032236         1
    1       89      0.5499418850160308      0.9886039250504433      0.3815338502819132      0.6014244664162914       0.1311956272551066       0.208842440474675      0.8098480329887632     0.9288021186664184      0.6899692172288067      0.6679659504314057      0.2048413537300399        0.6251134967651322     0.04685057740943092      0.5430815708694151       0.1038493526362193      0.6111933421485851      0.7031751662816129      0.3723348366394122         1
    1       90      0.6299261700361967     0.00899436548869643      0.5798330479805979      0.7540402909003509       0.3249196683030783      0.3648200930859376     0.09378154349073561     0.6964639239866908      0.0742784108203422      0.8161836977220244      0.8440583330773128        0.5788369180026671     0.09985311009222642      0.8122969887077084       0.8582797732488771      0.6048155119720225      0.5273962125906514      0.3803902036083552         1
    1       91      0.6930582498704704     0.05834421087832501      0.6964379620039836       0.474131481425785       0.8681948960021449      0.8099911908955417      0.8903171447015161     0.9849344813251972      0.3510778104058571      0.4349438487448626      0.1314959410940194        0.1402736920695234      0.7104614352548703      0.1126053711283021       0.6333210187990012      0.4423304191027354      0.9654425705524369      0.9506727937906464         1
    1       92      0.9177811001414538      0.3128222434367571       0.620248792536505       0.387047134004792       0.4433841255079541      0.8937019408577019      0.5003723820322193      0.554762873667965      0.1660146741144773      0.9119345984757982       0.409331400009493        0.5630115861900978      0.3215299621483104       0.476438823939922      0.08498435042048288      0.4861947748564287     0.06726210096126629      0.8636097419502524         1
    1       93      0.9697996562579647       0.691415996369647      0.5260290758166877     0.08236378074313204        0.104676014997272      0.7894024331846999      0.8054335706957824     0.6311102012961378      0.5971286294580851      0.2919826825912525      0.4132477798550908        0.6544707251376369      0.8730859403589016     0.07874908438599151       0.5705247489308628      0.6394295153841895       0.678006861695192      0.9910405197077328         0
    1       94    0.001254433155473736      0.9358952511787518      0.7696105507267123      0.7926170418439952       0.3531927945506242      0.6674483025097289       0.816139844537247     0.9641801330506699      0.7112454757896356      0.5840916875840372      0.1652946413986178        0.8093501967895362      0.2876081259158026      0.9918668700252764       0.8899274672963657      0.5300992809947477      0.8982295120380716      0.8802784127351414         1
    1       95      0.7678143259176674      0.8626663928463435     0.09582813632700385     0.09542768238526252       0.5108328313114018      0.2037555107070754      0.7897353706169978      0.794024331724116      0.1198170345405944      0.9441592990550109      0.2595820772978995        0.2753177417571553       0.771614502158223        0.74686666493718       0.4081337111277712      0.9378593999064631      0.1790986903516265      0.7752964581854435         0
    1       96      0.8424682975953652      0.1261991555556758      0.5893267150321562      0.6435898007359356       0.7119360807429379      0.5455646751758954      0.3624421626394097      0.375019888252589      0.6270919642980314      0.2612186163379294      0.1459911973228575        0.2930034914248003      0.1943870991998766      0.9563902144617815      0.06655354179286709      0.3874237032309692       0.358484927615306      0.2034581273897655         1
    1       97      0.3819920103311435      0.9517345434869641      0.0922091049193922      0.9240311115967214       0.1987905947388046      0.6412327064252976      0.1173149679347666     0.8758362924705984      0.6322731834124877       0.447458085773461      0.7536777329062008         0.260018258931167      0.5630172363094365      0.6198290507451425      0.03742619509575888      0.7201330852242084      0.7578400884224619      0.4318457520929062         1
    1       98      0.9788272359874101      0.1413868462796219      0.9515468017120536     0.09010547549308588      0.01687431344503744      0.2567405497771688    0.007820521152785255     0.2966040027896977      0.7389428331439073      0.9754250253524838      0.4722257623487773        0.1335565927037452      0.4690966527715015     0.09138898447725094       0.4879266648501572      0.4043878801981919      0.8337865472512527      0.8584346980037583         1
    1       99      0.9500458338310839      0.2690549597842619      0.2785547299983187      0.6262700907058186       0.8596630799532351      0.7126927861723945      0.2387481355069516     0.8470785726417994    0.005325609362787671      0.3595301954709511      0.2733768950022447        0.6499895730249895      0.1083892321589196      0.9013324467801592       0.1664539837200815      0.5852722798086082      0.6242973820138206       0.441298075271253         1
    1      100       0.559647826217891      0.2119790997188021      0.6940736993215978      0.1507179776193678       0.1265376261202619      0.1625452213649017      0.2542312209468542     0.8128824676011897      0.9256247026406023      0.9014385106210183      0.6138461750854428        0.2658091400530086      0.4073084888268366      0.7271836044460845       0.8705126716820006      0.2308882497160488      0.6622402053326368      0.1766937937574564         1
    1      101     0.08603126922389494     0.07776061425813371      0.0588959037222796      0.4363459720651413        0.331509511382319      0.7717291082475438      0.6722495300630625     0.2933450783732244     0.05120803623770674      0.6432129531102773      0.1748576626867159         0.836967313889828      0.3955644875519082      0.5614367445232347       0.2798245976394456      0.6319736683314355      0.1956633812916051      0.9988201442510924         1
    1      102      0.5858760413558534       0.532937960117124      0.7446647551738553      0.9458122232295056       0.4107667122799386      0.6550214411483871      0.5193460718159461    0.05259608025533251      0.2034527921531764      0.1342723907540656      0.8686578660155647        0.5201604559771821      0.9713573859176702      0.4621819994671064       0.3553266045301118      0.4109299079126989     0.08040392027469352      0.3980835052168308         1
    1      103    0.008640804359068473      0.4325230458828931      0.9982628346058644      0.1101701262833861       0.6710085245728907      0.1708075946183979       0.207668858127565     0.7030762603765147      0.6111801656027739      0.6326723303451823      0.9483081467798912         0.669069005520497      0.9201493658293557      0.2708585116197355      0.04825936385637356      0.8261944224527624      0.7378049318549327       0.733418989308282         1
    1      104     0.04939971182159045     0.04927002013816188      0.7592164224608697      0.6645195157241283       0.7740612231130298      0.8639788690786292      0.5967923950106423      0.879419572206421      0.5878732304942484      0.2128544856574283      0.3097005329806254        0.5881911019044411      0.6718510956826828      0.4379207030158593       0.0830065030617536      0.8781775338432959      0.1066930418174403      0.0855589542977719         1
    1      105     0.07647445794039717       0.710955665832282      0.8837877778194121      0.1229968210281287       0.9052775766972142      0.2361931500788261      0.3670332572280637     0.7815910069013221      0.3445649086329569      0.8173507494127584      0.7126813969005728        0.5490262946670151      0.8511873316006838      0.3068646466734612       0.2053982152732917      0.6457441791322911      0.8832856167224236      0.7522488942085248         1
    1      106      0.2905910480457048      0.4660871840534835      0.2143779183168792      0.4506252648878015       0.5243720979158146      0.3962428048602306      0.3309212911097953     0.8615277010766376       0.824471457861364       0.313369332832129      0.9028753513328007        0.4933532644735857      0.7993740857048478      0.2212268727935023       0.9576148330906613      0.8444401695043781      0.4189552023489442      0.5852932868499516         1
    1      107     0.06943847995458377      0.1174200290257836      0.1928794902594139      0.1932869639920278       0.1200901040781496      0.5730271960155936      0.3233647664491501     0.7058693941242786      0.8075836458010599      0.7000054839287058      0.8458738181908201        0.5343973082917122      0.4621616923496024       0.629270680309532       0.5084037871966656      0.6248568823444657      0.2895780118285782      0.6646562163006617         1
    1      108      0.3758364381152206      0.3792741045433407      0.4145109213914516      0.9006700869998895        0.703177177920265       0.412277740928241       0.489939864348465     0.1296039495759437      0.3189429274423876      0.9332064504101355      0.7186979340725682        0.1714544473008977      0.8091357200859218      0.2630831686857467       0.9126395770956555      0.5433408124605194       0.939294576456046      0.3120937654334638         1
    1      109      0.9150034475075598      0.8899883694209469      0.8094326399603031      0.7608668415186306       0.6880138190941781      0.2628600867891995      0.4517830743118086     0.2877754150579373      0.6211621184458233      0.2710753135654765      0.7611175563134668        0.7342150748461589      0.7899582695798018      0.1676962390943017       0.3338852456085281      0.6733673514901765      0.2390103967381745     0.07837351469012599         0
    1      110      0.3359945251270094      0.8546289842782749      0.7206346777953311      0.1302963573459743       0.3074166957638227      0.2869733768683444      0.5241425737363493     0.5097637211567618      0.3133938773237686      0.9187920030154703     0.08939135662383503        0.0261841324183883      0.8557325866978823       0.793399919268106      0.05983581111973359      0.8144842198092698      0.1679141657478694       0.371605754908847         1
    1      111      0.5241301293937594     0.01745243175731351      0.9229321322908315      0.7278691964482682       0.5946227069814793      0.7044749305661148      0.9250704046882069     0.1707891682576802      0.6489566786615696    0.002014785300060693      0.6966464535837682         0.917204024437039      0.1810278592644156     0.05678038860076211       0.5729459775663499      0.7357565342345173       0.259846523248901      0.9667210648599495         1
    1      112      0.5633141070138663      0.7119045833216257      0.5847260300859085    0.005493192637287495       0.9495424753727599       0.779610110354972      0.1281518436075809     0.3486965038930066      0.2628785575364924      0.3429775879110417       0.217987854173407       0.03907861669366765      0.5153416284256512      0.3726684603452062        0.121013111471095      0.1742245000334353      0.3621460733689471      0.7489730082504038         1
    1      113      0.4303240368582515      0.2556006537931454      0.7630584595052319      0.2084707748571721       0.9593912696064865      0.4661388538506193      0.2763201039439688     0.1731402433710173      0.5781530691142609     0.02577721130025263      0.4322283434603985        0.2505517956981849      0.6496226571125185      0.8054387646507368       0.4195013573988238      0.2418516787131214      0.6165246599806576      0.8306427624283566         1
    1      114      0.3246618680591281      0.8087965021957644      0.4389095623899872     0.04652461290695808       0.5735555365616973      0.2756375849324589     0.02516614464111626     0.7877894175795114      0.8051434724074271      0.3637287666633104      0.7940992303115006        0.1542535896193133       0.503439006038631      0.7561791488629145       0.5859283287388584      0.6579255555627039      0.2355322907264862      0.9601018427922908         1
    1      115      0.8682612520940085      0.9093683886574582      0.7737567401051315      0.7026015809142135       0.3402486190794864       0.135939873497571     0.07436383320924102     0.3342983059481615     0.07831167672864266      0.1945358575399344     0.04190429035548328        0.7586837655657696      0.5174063773010857      0.6776147231938214       0.7397661699641807      0.9727056441544037      0.5791331418686444      0.4949475665563821         0
    1      116      0.9023170834601236      0.3961957551202634      0.2243731105855356      0.1437713877621314       0.7064877795029639      0.2541530530097791      0.9923512875969108     0.2584233738081013      0.9500309361403602     0.05445251464196998      0.2227471612445596         0.507683229397258      0.8779137188038375      0.3925598092286641       0.8494369011449938      0.4242976264808224      0.3906635628573389      0.2700858225024098         1
    1      117      0.9907474172767252      0.6118564375094139      0.2024246803924648      0.2314007479542246      0.04909512827224616      0.1735472924399397      0.3347433139738213     0.9186307423385895      0.4358088743575435     0.01214369723521587         0.6422185002658        0.5394113699879703      0.6247223053360358      0.2787047052807692       0.6871707421158337      0.0299483764037076      0.9565255070920102      0.5927595620522172         0
    1      118      0.7047644125465822      0.8282533254694298      0.4546224813106367      0.2358308374480758       0.7527585113434018      0.1001372966967109      0.2035206203051429     0.5114958669860952      0.4106460359891773      0.5705827776653071      0.9651008272271914        0.2782232694599467      0.5345522611233819      0.6721975445359325       0.8621296081071099     0.01016246164217591      0.7139275988175845      0.2458964806683879         1
    1      119      0.7496663065239166      0.2274094633628718    0.001181093931922482     0.07229528896536472       0.4998995987517346      0.1410086573373216      0.6700438306886807     0.9985064845144128      0.0302959726140317      0.9605728687860796      0.4721906242840406        0.8731038048863411      0.2334973655253028       0.274365534060376       0.2678556823844297      0.5073570464608362      0.4673920952883135       0.934694260755916         1
    1      120       0.781873577415374      0.3632613843811365      0.1188122429600399      0.6698444515841807       0.1639717864532334      0.4233822350467866      0.6518114992883056     0.5422613848789801      0.1161654179902851      0.1242334482764515      0.3188533834104116         0.766789038373261      0.4856389256737506      0.6904757820406101       0.2948314748342252      0.6866341334056213      0.2748411271358944       0.575015748937666         1
    1      121     0.09830030518351122      0.9141770818775209      0.8395364962932137      0.2778251612546026      0.05064447709980111      0.1228752687573433     0.08078602742429616     0.5852287708419479      0.3877475061660839      0.4803465499814289      0.8955123096187082        0.4663651598746785      0.4467354575573053      0.1398881479062968       0.3203591129975393      0.3106807108813276      0.2290009554876532      0.4542680497449409         1
    1      122      0.2479171663044124       0.249633703503706       0.642273373878561      0.5120686520473101       0.5319208508719587       0.584409841708839      0.3053189842521937     0.3083970913741117      0.9064816763404653      0.3042172691539033      0.4999180554399371        0.0830275770302655      0.6580091815894573      0.8360514909624019       0.1527013394800532       0.336783674843092      0.8109020662713899     0.04125565917412233         1
    1      123      0.1793630555504933      0.4040921481183937      0.4167801225700209      0.5977724194927658       0.9055772985085948      0.7512179050491088      0.8655770351709281     0.1863327701239743      0.1103664382024565      0.3723106584576373      0.7018234024548696        0.7448251237821144      0.2724178906090351     0.03283534252550453       0.8272680333763776      0.2614785661080128      0.3224075416917913      0.9200818669645945         1
    1      124      0.3716941284481436      0.3051456624900715      0.6085350070898939      0.4034264038329841       0.1828330053145894       0.956845469138999       0.929040541255381      0.222592599318725      0.8451239820142897      0.7779375624506631     0.05704456026044985       0.04981316528929811      0.9878307834177071      0.7830732346357157       0.2857591397814556      0.1022999573628315      0.3024308033675576        0.22931520923998         1
    1      125      0.7588670001740361        0.75256386869587     0.08546592051603108      0.9279654258487022        0.729706400336646      0.6955303089343943      0.6310808057508742     0.5341987355237102      0.4021233726137629      0.3224826621499637      0.4507209813804366        0.1561003988104251      0.7357163530257014      0.6883227787122855       0.1883661528881122      0.7963188425404951      0.6605495008575316      0.9162863114758187         1
    1      126      0.9373115348746069      0.5258006862028399      0.1853450518541245      0.7491363194072619       0.8504864431581356      0.3930211995094497      0.1619233607586163     0.8250451025604788     0.07126418017885751     0.08148300986504182      0.2844310899497941      0.002434601522206019      0.1363147801486775       0.844958487958906       0.1924742594878707      0.3025277091824036      0.1583793954134712      0.4903552980873631         1
    1      127      0.8176848732866346      0.6805690300896661      0.3202770185204119      0.4677482995760834       0.3466476404858339       0.232796650685163      0.2915502365225823     0.1902478044322278      0.5710484184971493      0.6224636515563664      0.2525826262219602        0.3626256580943138      0.1554479921120219      0.8923212072204074       0.4701851101708598      0.5824679854688132      0.3498104270431213      0.6990328273127994         1
    1      128       0.456781446994541      0.3230672227736149      0.6742552531689096      0.3419219724057863         0.66191942590651      0.5003088225507074       0.603368649748154     0.6240993579603835      0.4781012836623834      0.8032432132659273      0.9952591655775905        0.3319254752584836      0.1289132627684416      0.7976662279753429       0.8124745827517472       0.460337286893951      0.6075133151284213      0.6294831921566381         1
    1      129      0.9458906277884833      0.1940522848395631      0.3950199038682816      0.5593838872375071       0.6405663837200135      0.8807209581317794      0.8580984765392108     0.4573881782979394      0.9595838174974133      0.5187413093090679      0.8145874887226253        0.4949408903459294       0.774003904821196      0.8768698802968073       0.1821197422738705      0.7597965441333751      0.4786241164741417      0.5830292516426805         1
    1      130      0.9253432239987888      0.3385944763431326      0.7867513812082406      0.8690509168780409       0.8756769992385267      0.8667831005308674     0.05106522444144099     0.8212188549973588      0.4990820432094754      0.3098580679623411      0.5618102639253872        0.9505945168694275      0.1662751896475028      0.3678025180241093       0.5584097834821377      0.6798875836500278     0.02005485396107866      0.4653131529662966         1
    1      131      0.4451762142410088      0.9904427375967821      0.8180595337659017      0.5874113941125365       0.5410933981390876      0.4322644189789167      0.1394585333842163      0.381173902281767      0.8734013085369952      0.3895122503021008      0.6325758200695014        0.1161968305642303      0.4031967293277073      0.8669835349040417       0.8786781291425642      0.1552910896561419      0.1242949211607791      0.5682751219719648         1
    1      132     0.08169682368429171      0.7993295260886145      0.4992628916373684      0.3119611471374002       0.3046552860747195      0.9199259815931632       0.481232418686462     0.4618834637428841      0.4558389535070294      0.9913769781809404      0.7107464960517569        0.6186341144532587       0.451186251155256      0.2348360137224922       0.1688317430619564      0.1356457209408594       0.374495651663488      0.3338820713986126         1
    1      133      0.2332282064935296     0.08944271218626657       0.920091002002462       0.956944611902711       0.4879164725852509       0.497787460761093      0.1104689054462748     0.6023689395709273      0.5482946037056132      0.8908430545306247      0.5355738447500497        0.3988234910130915      0.8370269297234093      0.1970591794583015       0.6618358568857527     0.02535202017752454     0.09405472705580502      0.1130958394651922         1
    1      134      0.6985616450029839      0.7496519056523944      0.1348899439766279      0.8967768996824614        0.368484680813789      0.6031585545809421      0.5072876034123409     0.7757747596233255      0.6714615860320111      0.6344265659171571      0.3054454893598126         0.788915680802893      0.9402043798705563      0.2426776725397859       0.9932772226372941      0.5252315636426728     0.06397511269767872      0.7692648378394855         0
    1      135      0.2071450637808691      0.5655039066345328     0.01901364046821578      0.5710644989675429       0.6829016377088718      0.4078822615039017      0.7662873391359528     0.4410986968303203      0.1930658954066328      0.2510121425212775      0.6235286308749993        0.6735629484393738      0.5585604377116802      0.4506427990945263       0.8373229513164714      0.3976697480073199      0.8417429046679495      0.0950601716978579         1
    1      136      0.8299848792194907      0.1787561905208147      0.7122294851320071      0.5923654167550719       0.4135836540811902      0.7623640722957337      0.6266880202624533     0.7523477705894038      0.6808826409435521      0.7939113642774627      0.1998706637894631        0.9224353751581577      0.8289862134623238      0.2303771404898725       0.4988151780083879      0.5217761170558839       0.951901378777499     0.05612126963290696         1
    1      137      0.5748375398805365      0.7226655232551922       0.979289894081497      0.8762427776870835    0.0008583829272538424      0.3172254807057066      0.7769879169710395     0.2375875761473758      0.8787266796946318       0.405012408099396      0.8598164147309338       0.08660735502683869      0.5682758246263903      0.9493903023850484       0.2453010634583835     0.01824998263166182      0.4730286223969112      0.3422456138883718         1
    1      138       0.143717591838342      0.5733674944986383      0.6540922660859199       0.629329476872873       0.7565881562458041      0.8405698236530751      0.3518173751356598     0.6104230601262923       0.835696949918444      0.1706284872825361      0.9571968955427615        0.4587254375038254      0.1207971130665909      0.8171731504611671       0.7851273636268969       0.915191651860045      0.2148783388107808      0.5273585580198819         1
    1      139      0.8498742373918907      0.5844597931899544      0.1611037816554825      0.8236530592768557       0.3652437746085019      0.5192582045759385      0.9491888356731377    0.08393741978668712      0.5220970816172971      0.7313405258050707       0.577883679422343        0.8607525928618595      0.3466602108583579      0.6558541289401344       0.6712476159937474      0.4828173394612451      0.5109576654193613      0.6252674067625776         1
    1      140      0.6210896731768217      0.6480569489998743      0.7228533453657292      0.2126473602476633       0.1554590896651563      0.6351970061789163      0.8392424896320638     0.9821606274163869      0.7634055023146277       0.692677372716005      0.3832701850579017        0.4234897863792462      0.4382824622715513      0.5878139114757587       0.7470198341658235      0.4704576013609767      0.6762410147917561      0.1631185250925935         1
    1      141      0.5119473973276197      0.6714757245628992      0.5381539892301791      0.2688589918284884       0.2625000332055303      0.3093557695405454       0.724382113382065     0.3542055978038762        0.48413195255109      0.4261750515007103      0.4467616518972338        0.9977182060700014      0.3557923893185539      0.9526381484219909       0.5978463642635486      0.2140067425711701      0.9481570096906379      0.4566627671657544         1
    1      142      0.6493660315496123      0.1676273613172169      0.1293631381445771      0.4081770997145213      0.06616620595127137      0.6599117046157416      0.7421373064345164     0.4068145348043699      0.55